   8.56283817   0.245339    -0.54974105  -1.17552614  -6.4004611
  12.14987398   6.19001493  16.62071867   4.59078429  -4.15609456
   0.22331622  -7.78930474  -2.40765052   6.70840226  -8.79314285
  -4.30695532  -5.25282646  -3.34243371  -0.70053405   0.89111442
   0.21643838  -1.51286156   3.13998922  -1.30485339   6.85391061
   0.49607297  -2.45100279  -3.19505672   4.84623516   4.15424772
   6.72993543  -9.19145887  -1.09701217  13.21778542   1.5921951
   5.75938894   4.4517365   -5.53800636  -1.06931881  -1.25696614
  -0.63608644   0.37193899  -2.58993687   2.29543428   2.36038093] accepted
79961  is accepted sample
-17.4939412268 -80.9107838166 0.256382186305 0.226185471476 [ -3.39652639  -3.86228155   2.38337255   7.42830537   3.78634005
   1.2909276    1.05749402   4.24075154  -2.36515666   8.6344917
   8.56033238   0.25423228  -0.54553127  -1.20105626  -6.41248151
  12.11903754   6.18554254  16.63446937   4.60063518  -4.14057421
   0.20799664  -7.79922004  -2.4115468    6.69891533  -8.80013613
  -4.31172522  -5.27591859  -3.31662594  -0.7100819    0.87920568
   0.24354626  -1.49468299   3.14838432  -1.32934487   6.84428898
   0.49502493  -2.4610225   -3.20054967   4.8542234    4.14646045
   6.70784214  -9.21197166  -1.09049205  13.23225765   1.5509991
   5.75662732   4.44706225  -5.54208324  -1.08162439  -1.26752675
  -0.64094095   0.36948736  -2.62001017   2.29174959   2.37267231] accepted
79962  is accepted sample
-17.361733761 -80.9064887519 0.256243278338 0.224045557323 [ -3.4136927   -3.87757831   2.37605665   7.45961029   3.82895383
   1.29770823   1.06826673   4.24992494  -2.37476879   8.63512339
   8.57050832   0.23669103  -0.53291268  -1.23003065  -6.40285647
  12.08438552   6.19390391  16.6203752    4.58774893  -4.12143379
   0.19116531  -7.7743061   -2.3962777    6.67888479  -8.79819911
  -4.29736302  -5.25835988  -3.37094255  -0.72093152   0.89339233
   0.28468335  -1.51371068   3.14969096  -1.34953487   6.84955581
   0.50891843  -2.45946504  -3.21185143   4.85426806   4.12262857
   6.69566793  -9.21710134  -1.12897914  13.21845573   1.53282556
   5.78250844   4.413761    -5.51943636  -1.0680885   -1.28171322
  -0.63303666   0.36824185  -2.57574668   2.27914283   2.34809473] accepted
79963  is accepted sample
-17.4942920725 -80.8942258415 0.25624777098 0.224125888944 [ -3.42216658  -3.88852068   2.42656405   7.47758743   3.77258244
   1.26986272   1.07549346   4.26575079  -2.35190136   8.64804869
   8.57091795   0.2390885   -0.52357744  -1.23399158  -6.42355745
  12.09435504   6.20151992  16.63447323   4.561781    -4.09403399
   0.20429574  -7.7542731   -2.39255376   6.67777411  -8.79368463
  -4.30312588  -5.24548908  -3.36785811  -0.73680948   0.87731062
   0.27708761  -1.4915687    3.14781275  -1.33631371   6.8479723
   0.50839281  -2.47010496  -3.2181492    4.84903686   4.09743089
   6.7049154   -9.25516186  -1.12339302  13.21291173   1.54508067
   5.76039367   4.39590467  -5.53488045  -1.02692242  -1.28034294
  -0.64244172   0.36753394  -2.56653756   2.25028059   2.34524933] accepted
79964  is accepted sample
-17.3627366838 -80.8930218745 0.25613175996 0.221525426406 [ -3.43353981  -3.86167466   2.40518005   7.49654026   3.78465535
   1.26070544   1.07213899   4.2452835   -2.34536249   8.63955563
   8.56979015   0.23880192  -0.5209533   -1.27741385  -6.38909927
  12.11327318   6.21393763  16.66099606   4.57265807  -4.09600802
   0.16874451  -7.7769881   -2.39435617   6.6399417   -8.80362131
  -4.28394403  -5.24162351  -3.34929815  -0.74308001   0.86717823
   0.27879528  -1.48769428   3.16126499  -1.32734128   6.84770149
   0.52557709  -2.48265274  -3.19157137   4.78869854   4.09281496
   6.68288929  -9.27534835  -1.14960197  13.19494944   1.52036496
   5.77289128   4.38282786  -5.49890387  -1.02670661  -1.29354063
  -0.6401849    0.3506557   -2.54321305   2.22003768   2.33889633] accepted
79965  is accepted sample
-17.1320915094 -80.9093542995 0.256078188912 0.217346495362 [ -3.40109381  -3.8392373    2.42578671   7.44323031   3.75880825
   1.24266247   1.06770115   4.23932795  -2.32062631   8.61099353
   8.57775238   0.24513141  -0.53259301  -1.28287566  -6.39117149
  12.11233402   6.22282406  16.6620347    4.61016218  -4.10505229
   0.14641002  -7.77504866  -2.41028749   6.63249998  -8.79776597
  -4.30394481  -5.21048571  -3.35955162  -0.74547975   0.86431693
   0.26179888  -1.47395305   3.16167814  -1.35832385   6.87259445
   0.55398037  -2.47733937  -3.19446588   4.77309697   4.10885981
   6.71872969  -9.31384246  -1.16120895  13.17770351   1.53484307
   5.78612173   4.37768687  -5.5117664   -1.02157774  -1.28466994
  -0.61812291   0.33181985  -2.54754205   2.22414199   2.33735868] accepted
79966  is accepted sample
-17.1904085491 -80.9075689426 0.256112625559 0.215398337509 [ -3.4013794   -3.85352062   2.40405237   7.43537682   3.72898766
   1.23279603   1.07437113   4.25044233  -2.3200789    8.58759902
   8.58121511   0.2774478   -0.52740009  -1.26669115  -6.37086966
  12.11373178   6.23862696  16.62859673   4.63519309  -4.1401586
   0.1486369   -7.73406918  -2.42081876   6.65307507  -8.80464545
  -4.31557065  -5.25098025  -3.36560214  -0.72498624   0.86513434
   0.25924796  -1.44965955   3.18238859  -1.33623816   6.84885425
   0.56758871  -2.48947724  -3.17228862   4.76738701   4.11287486
   6.693821    -9.31678814  -1.13798087  13.1776471    1.5102619
   5.78170261   4.35986009  -5.49536905  -0.99653175  -1.31588339
  -0.61377096   0.30646672  -2.54953182   2.21529911   2.37019107] accepted
79967  is accepted sample
-17.2063609848 -80.9098716117 0.25614215183 0.214493166158 [ -3.41393595  -3.84601598   2.392694     7.45454602   3.72088345
   1.25061021   1.08184284   4.24378994  -2.32036358   8.54967121
   8.57332394   0.28221158  -0.49437369  -1.25873239  -6.36574331
  12.13399118   6.2374782   16.62622852   4.63785106  -4.14105933
   0.1184352   -7.70718072  -2.43835203   6.68672442  -8.78694778
  -4.33053485  -5.24496278  -3.36892221  -0.70271532   0.86192068
   0.25720247  -1.46781176   3.17975094  -1.35556286   6.8480489
   0.57399791  -2.50298876  -3.1616881    4.76194278   4.1054871
   6.68703631  -9.3082532   -1.1182501   13.16677643   1.4871838
   5.79353139   4.3302659   -5.49037239  -1.02704324  -1.297328
  -0.64347429   0.26714967  -2.53730966   2.22639671   2.34561744] accepted
79968  is accepted sample
-17.496475583 -80.8926718217 0.256235303052 0.212555401627 [ -3.40562948  -3.85123658   2.39895167   7.42931797   3.71138082
   1.2564489    1.10743527   4.27750045  -2.34339054   8.55090857
   8.54571183   0.25292094  -0.5227513   -1.28547543  -6.39376661
  12.13857756   6.22760436  16.62824121   4.61870029  -4.15978082
   0.10966212  -7.69166922  -2.42449049   6.69030129  -8.80430264
  -4.33976129  -5.25437863  -3.36207428  -0.68684967   0.8584514    0.251399
  -1.48875893   3.20751347  -1.39266202   6.84243902   0.58791416
  -2.4905026   -3.11786613   4.74714775   4.08849798   6.70613936
  -9.32870647  -1.14424985  13.19011522   1.48294952   5.78066666
   4.35112952  -5.48836041  -1.02549623  -1.28953217  -0.66698053
   0.2606939   -2.57086569   2.19099129   2.34352484] accepted
79970  is accepted sample
-17.2386732518 -80.9108144531 0.256175036104 0.213705277803 [ -3.39159479  -3.82574003   2.40216066   7.40678355   3.68995033
   1.23752929   1.06955064   4.27311091  -2.34267288   8.52338533
   8.53778997   0.27941275  -0.5185398   -1.29198403  -6.39356956
  12.14532781   6.21655944  16.58202913   4.63053347  -4.16473481
   0.11977789  -7.70920405  -2.45073276   6.69546092  -8.81229457
  -4.29020238  -5.2822361   -3.36585031  -0.70715871   0.86594873
   0.23389119  -1.47518076   3.19230373  -1.3972664    6.81741695
   0.57962334  -2.51027457  -3.11297107   4.77685652   4.0884393
   6.73483337  -9.33157046  -1.15362561  13.18747602   1.47838011
   5.77232796   4.35436894  -5.4781394   -1.05730071  -1.27583435
  -0.64875281   0.27188626  -2.55604587   2.17819372   2.36523541] accepted
79971  is accepted sample
-17.1498432455 -80.9186434185 0.256153533285 0.214201625759 [ -3.36855034  -3.82759515   2.39081202   7.37393134   3.67386963
   1.22232822   1.07463277   4.28712794  -2.36160149   8.53320226
   8.57487671   0.26453285  -0.48452964  -1.30404239  -6.39175208
  12.1377068    6.21098893  16.5710892    4.61589879  -4.17948645
   0.1258623   -7.68415361  -2.50225876   6.6961786   -8.80503679
  -4.28012479  -5.31043961  -3.34362229  -0.70741434   0.86800263
   0.26954097  -1.45007419   3.24241794  -1.41137186   6.8218531
   0.57607433  -2.55086476  -3.11708761   4.78007538   4.11560568
   6.71900971  -9.34996206  -1.12941216  13.1738435    1.4785137
   5.78752281   4.32942044  -5.49190301  -1.02030616  -1.24511807
  -0.64539474   0.28200077  -2.56292645   2.16641291   2.35413618] accepted
79972  is accepted sample
-17.1399694951 -80.9137973334 0.256114933516 0.215316612331 [ -3.3905304   -3.83686192   2.40104422   7.3780346    3.63438436
   1.20893926   1.08557455   4.27676645  -2.35763296   8.53452729
   8.59552397   0.26361167  -0.5097774   -1.27398047  -6.37636941
  12.16585603   6.19928788  16.55645858   4.6130446   -4.1932318
   0.11945651  -7.71896389  -2.50161807   6.72800649  -8.81525051
  -4.30787997  -5.32985707  -3.36041583  -0.73466882   0.85646338
   0.2775389   -1.43178729   3.24506275  -1.42074085   6.80242313
   0.56816507  -2.55519581  -3.11167766   4.76684824   4.1259126
   6.7311475   -9.33578554  -1.09987929  13.16675476   1.51070384
   5.8022844    4.30610794  -5.51178076  -0.98435128  -1.22988842
  -0.65505881   0.2447198   -2.54673345   2.15569627   2.35839243] accepted
79973  is accepted sample
-17.0493386608 -80.9233812448 0.256098039305 0.215988705268 [ -3.38024526  -3.81730311   2.42961423   7.37200601   3.66990971
   1.23256218   1.09596862   4.2649515   -2.36389799   8.51568737
   8.61386758   0.26805139  -0.54323781  -1.28848404  -6.36457594
  12.17341335   6.17342731  16.57554712   4.63571243  -4.18900015
   0.09636513  -7.71350391  -2.52113313   6.72460392  -8.80472444
  -4.30863593  -5.34934149  -3.36721647  -0.74485386   0.84757289
   0.27899825  -1.37104919   3.20839536  -1.42186431   6.79780108
   0.56343854  -2.5619785   -3.11032735   4.77428505   4.16718267
   6.73737963  -9.35435541  -1.08374508  13.17794091   1.4971765
   5.79074282   4.35237578  -5.47841574  -0.9993937   -1.26151102
  -0.62980968   0.28079791  -2.53012935   2.16650341   2.35025964] accepted
79974  is accepted sample
-17.0066797546 -80.9258600368 0.256075832003 0.21845714347 [ -3.37660229  -3.78922735   2.40616032   7.38292322   3.69467852
   1.20777872   1.1101285    4.28004441  -2.40897412   8.49909178
   8.62466429   0.27256004  -0.52499522  -1.25436304  -6.36495782
  12.20245123   6.20186212  16.56963667   4.62026571  -4.17945338
   0.1082453   -7.75472569  -2.52176296   6.73353566  -8.83096821
  -4.30310847  -5.36272408  -3.33657953  -0.75317009   0.87144222
   0.28649236  -1.37802073   3.20373351  -1.3846789    6.79087206
   0.5463305   -2.55946244  -3.08084549   4.8057416    4.13589449
   6.75317939  -9.3272047   -1.10470697  13.18049198   1.48815186
   5.79620124   4.33589834  -5.4704446   -0.99650989  -1.25793717
  -0.65174364   0.27729596  -2.5146094    2.14652118   2.36300538] accepted
79975  is accepted sample
-17.089922196 -80.9139755543 0.256075289096 0.218021855305 [ -3.38952874  -3.7722301    2.42295494   7.36395387   3.66887696
   1.17473461   1.14697067   4.30718966  -2.42502208   8.50782608
   8.60682648   0.30580869  -0.50802084  -1.2256143   -6.37038861
  12.23542826   6.20417211  16.56118413   4.62313076  -4.15932906
   0.09660892  -7.78895728  -2.49502618   6.75734929  -8.84146082
  -4.29679255  -5.33455374  -3.36322379  -0.76306657   0.86260569
   0.24922971  -1.38128985   3.21650936  -1.40460601   6.7818126
   0.54931958  -2.52691856  -3.07350629   4.80199131   4.12215539
   6.76392034  -9.35961771  -1.10225688  13.20016103   1.4628804
   5.82001018   4.34784584  -5.46337745  -1.02337751  -1.2390373
  -0.63982969   0.27882229  -2.5143441    2.14495969   2.33813238] accepted
79976  is accepted sample
-17.2700619117 -80.8951089631 0.256076330567 0.218581345118 [ -3.3793044   -3.77894433   2.43492844   7.4013152    3.65709042
   1.16859586   1.16072652   4.30319974  -2.43405106   8.51153488
   8.59458541   0.32441162  -0.54099827  -1.25493035  -6.39312881
  12.21474139   6.20410757  16.56184002   4.59614748  -4.14668938
   0.15129529  -7.79311645  -2.51141276   6.78713919  -8.86882385
  -4.28051217  -5.33420521  -3.372565    -0.78502709   0.82668795
   0.21112616  -1.37007737   3.21118224  -1.4038491    6.76072645
   0.54547973  -2.5092982   -3.079007     4.78613271   4.10774638
   6.76038404  -9.3464052   -1.0774977   13.16208607   1.44980269
   5.82213746   4.35649871  -5.4628858   -1.02045646  -1.25649735
  -0.63744782   0.27493872  -2.51783079   2.15185587   2.38116875] accepted
79977  is accepted sample
-17.2458194081 -80.8981944762 0.256083456182 0.219404648638 [ -3.37828964  -3.81160518   2.45493762   7.39991785   3.67094536
   1.1592547    1.16169847   4.33604666  -2.4352342    8.53894612
   8.60912526   0.30179069  -0.52643522  -1.25211876  -6.39748918
  12.21303434   6.20202551  16.54451957   4.59348637  -4.19017186
   0.17389126  -7.81425945  -2.51504582   6.78048493  -8.86968651
  -4.2636856   -5.34470696  -3.39260865  -0.78532573   0.80047444
   0.22940983  -1.32924099   3.19898914  -1.37898846   6.79497961
   0.53986354  -2.50924183  -3.08516153   4.76209801   4.13214308
   6.76196423  -9.36291816  -1.06820472  13.14690115   1.42844481
   5.82609596   4.34404144  -5.45867478  -1.01457295  -1.24378005
  -0.64670547   0.27882329  -2.47518403   2.09870466   2.37261818] accepted
79978  is accepted sample
-17.1374689162 -80.9084750975 0.256076282956 0.217657944756 [ -3.40409064  -3.78199748   2.48141995   7.37306134   3.67656684
   1.1865978    1.16169128   4.33003399  -2.45716512   8.52664589
   8.61157266   0.32531017  -0.50592643  -1.28753664  -6.38422955
  12.21469404   6.20187147  16.55588638   4.61170133  -4.18983154
   0.18009551  -7.83228384  -2.53217157   6.73735727  -8.83949634
  -4.25744853  -5.32341592  -3.38544448  -0.77735347   0.81096296
   0.19723935  -1.32044262   3.18547036  -1.39633741   6.8358379
   0.55182747  -2.52667099  -3.10524552   4.7684771    4.10905644
   6.76668439  -9.39366103  -1.08891879  13.16175118   1.41629828
   5.82433807   4.34188214  -5.49656115  -0.99530785  -1.25024027
  -0.63054778   0.30605633  -2.44540635   2.12444594   2.35120644] accepted
79979  is accepted sample
-17.1278031893 -80.9211948022 0.256150422734 0.222055614424 [ -3.43247765  -3.7947278    2.52923122   7.37536482   3.67817211
   1.13783571   1.16791765   4.31986259  -2.41627017   8.52151562
   8.61794355   0.33902759  -0.52123585  -1.28809278  -6.35303031
  12.22510526   6.20863947  16.5730637    4.60400635  -4.22017831
   0.16347636  -7.82680264  -2.53281545   6.75679931  -8.84350122
  -4.23957714  -5.3267119   -3.39294356  -0.78885427   0.81075231
   0.22114486  -1.31213721   3.16779179  -1.45157699   6.83946075
   0.52204457  -2.50680506  -3.13528573   4.76646861   4.08278757
   6.74740529  -9.3723364   -1.12187805  13.14137361   1.42449842
   5.83613522   4.36633114  -5.49019414  -0.98836388  -1.2113775
  -0.60696936   0.33343203  -2.41147169   2.10670739   2.36598721] accepted
79980  is accepted sample
-17.1426213131 -80.9252370478 0.256184758835 0.222884453858 [ -3.39731167  -3.78432938   2.51551543   7.3790742    3.66445213
   1.12993597   1.16556655   4.35139856  -2.4063503    8.52203592
   8.60838884   0.33209679  -0.46291225  -1.27084075  -6.3200429
  12.20019831   6.16948888  16.58360872   4.57436202  -4.2304618
   0.16434787  -7.81416956  -2.52384972   6.73073153  -8.84668857
  -4.20794955  -5.31393751  -3.36418162  -0.77596179   0.8221218
   0.17837787  -1.29587943   3.14884269  -1.43986412   6.88537824
   0.51655232  -2.5289262   -3.1173953    4.76967177   4.08039856
   6.71646667  -9.34007835  -1.11741292  13.11826748   1.43059098
   5.859169     4.3518227   -5.47583909  -0.98198727  -1.23476886
  -0.62332816   0.33427227  -2.42850412   2.11536125   2.38842702] accepted
79981  is accepted sample
-17.0429815356 -80.9390365685 0.25616256363 0.222366394055 [ -3.35272238  -3.78395149   2.51883446   7.37973408   3.69544489
   1.14259353   1.17198155   4.33930459  -2.41440657   8.49496379
   8.58368833   0.35348744  -0.42250257  -1.30700818  -6.34955412
  12.2182155    6.190628    16.57981091   4.58572891  -4.2043144
   0.14646567  -7.7879575   -2.47637971   6.72463618  -8.88182361
  -4.19641104  -5.30798724  -3.3884376   -0.80698954   0.82126617
   0.15618222  -1.27556883   3.16805135  -1.43812239   6.89558876
   0.51998095  -2.4864831   -3.09790871   4.76180695   4.09060365
   6.69598411  -9.30381616  -1.11020923  13.10279334   1.42297976
   5.83517791   4.35681903  -5.46941956  -0.98823309  -1.26501476
  -0.60477572   0.33271647  -2.42523061   2.13434529   2.40236474] accepted
79982  is accepted sample
-17.1411191955 -80.9441062036 0.256261277024 0.224361514362 [ -3.35324606  -3.76673329   2.55791105   7.37764332   3.70474287
   1.15737842   1.18424612   4.36759864  -2.42997615   8.48621578
   8.56354505   0.3364121   -0.40925938  -1.34894769  -6.32997728
  12.22956296   6.18694615  16.59866255   4.59783838  -4.18393997
   0.10589413  -7.80945231  -2.465134     6.72387462  -8.88574151
  -4.18647559  -5.2981483   -3.39083939  -0.8022757    0.82977684
   0.14109635  -1.27820077   3.17842563  -1.44281      6.9043515
   0.50685295  -2.45895768  -3.11259451   4.76696622   4.11969211
   6.68388834  -9.28154553  -1.12544106  13.10385252   1.42020076
   5.81909922   4.39224467  -5.51580019  -0.97083737  -1.25026189
  -0.58543607   0.32639731  -2.42268145   2.1403922    2.39981223] accepted
79983  is accepted sample
-17.0780899115 -80.9436374989 0.256206945178 0.223353466725 [ -3.37770263  -3.76163406   2.52769305   7.35587319   3.72215007
   1.18142463   1.20986464   4.38240785  -2.40793298   8.49619552
   8.54325568   0.36568849  -0.39752916  -1.36028603  -6.37640739
  12.19753328   6.17940996  16.59527837   4.61211429  -4.17381721
   0.11627383  -7.80370879  -2.45150897   6.70991739  -8.87348586
  -4.21541489  -5.33344949  -3.40123388  -0.83808773   0.82847505
   0.12619982  -1.2856093    3.21962017  -1.41920748   6.85863006
   0.51346038  -2.47067801  -3.10587682   4.76433398   4.15404098
   6.66295979  -9.26277968  -1.12693253  13.11571008   1.40314547
   5.82849861   4.40738956  -5.5038909   -0.96994701  -1.25409578
  -0.6198166    0.29328475  -2.42687122   2.16644826   2.3998239 ] accepted
79984  is accepted sample
-16.9140958118 -80.9487382823 0.256082146115 0.219296721014 [ -3.38807901  -3.78998682   2.53981315   7.35955835   3.73870596
   1.18344916   1.21593856   4.37744314  -2.39473705   8.42902701
   8.54956667   0.37718982  -0.42217682  -1.37640153  -6.37921709
  12.19702331   6.14038505  16.55724347   4.61486481  -4.1252225
   0.13214717  -7.81397338  -2.44375059   6.69334716  -8.86299157
  -4.20574882  -5.37870079  -3.38567274  -0.84442441   0.81888658
   0.10662547  -1.28672017   3.23302434  -1.41712396   6.8566752
   0.54059749  -2.46461392  -3.10620965   4.76385745   4.16913891
   6.66441831  -9.2478111   -1.12719717  13.11191511   1.40072949
   5.81258676   4.41903894  -5.4856128   -0.98721352  -1.2699584
  -0.61228932   0.27302821  -2.433696     2.15591837   2.38644423] accepted
79985  is accepted sample
-16.9298974163 -80.9488528774 0.25609574436 0.220158912732 [ -3.36952436  -3.78979886   2.56519671   7.36897277   3.72450786
   1.20036625   1.22351547   4.38488691  -2.37309105   8.44266651
   8.51738334   0.36990283  -0.41367735  -1.3922137   -6.34794267
  12.21730155   6.12245101  16.55878181   4.60042154  -4.13937613
   0.12677413  -7.81340684  -2.46319561   6.67103411  -8.83810772
  -4.21494198  -5.39794229  -3.37925043  -0.81608768   0.78909046
   0.07157951  -1.28768088   3.20577346  -1.40526125   6.87986559
   0.53475325  -2.4321803   -3.08788203   4.76896599   4.17045353
   6.66811507  -9.28602614  -1.11759608  13.11387966   1.38042318
   5.83588527   4.41727598  -5.46980683  -1.00234265  -1.26629752
  -0.59517948   0.25076361  -2.46106024   2.18355416   2.38091925] accepted
79986  is accepted sample
-17.0283313304 -80.9250345167 0.25608946669 0.219815158683 [ -3.34829268  -3.80512793   2.55525694   7.358273     3.72386928
   1.21248884   1.20030761   4.40364592  -2.38339569   8.45228153
   8.52426077   0.39100761  -0.38189365  -1.39608688  -6.33271131
  12.21763915   6.1339269   16.57536994   4.6264236   -4.13923881
   0.12403557  -7.82223723  -2.47142621   6.66827217  -8.82473031
  -4.19229736  -5.38814318  -3.36768734  -0.79728808   0.7774096
   0.04451845  -1.26511592   3.16960469  -1.41001347   6.84265421
   0.53707817  -2.44606721  -3.09878546   4.78154749   4.15707502
   6.6580044   -9.32841663  -1.13172965  13.11284707   1.40517354
   5.84114477   4.42226635  -5.46554858  -1.0280838   -1.27958313
  -0.59134889   0.27051918  -2.45135586   2.17525444   2.3883932 ] accepted
79987  is accepted sample
-17.0886815557 -80.9252977281 0.25614059884 0.221785737005 [ -3.3578292   -3.83807616   2.53586216   7.32437497   3.70714641
   1.19283036   1.21035948   4.44048176  -2.37723504   8.47868556
   8.52810665   0.40994003  -0.39477673  -1.39921785  -6.298657
  12.22897068   6.15490499  16.59263462   4.60391801  -4.1220638
   0.15638383  -7.82784646  -2.446178     6.67775055  -8.82389347
  -4.18792777  -5.37361871  -3.37441921  -0.75302524   0.77655952
   0.04258457  -1.26173888   3.19485557  -1.42725392   6.83936262
   0.5238408   -2.42315481  -3.10194985   4.77439752   4.16702661
   6.64468483  -9.33278463  -1.11627078  13.10020411   1.38963511
   5.81840955   4.43504071  -5.48230573  -1.00493693  -1.29159251
  -0.56541209   0.24507648  -2.41338098   2.17293381   2.40974657] accepted
79988  is accepted sample
-17.0433337595 -80.9422483116 0.256173531096 0.222629495459 [ -3.34118724  -3.82365138   2.57344375   7.31484369   3.70697033
   1.17668443   1.2325436    4.45684674  -2.37124585   8.46757795
   8.52361292   0.39945917  -0.4055075   -1.4132594   -6.28941368
  12.22098966   6.15641681  16.60459377   4.61415146  -4.09067799
   0.14000682  -7.84249173  -2.43848999   6.65709957  -8.82583875
  -4.20554818  -5.35676278  -3.37393559  -0.76963401   0.78555988
   0.03534734  -1.25196192   3.19359293  -1.42451161   6.82452597
   0.51823792  -2.43899292  -3.09761268   4.81872218   4.16000757
   6.65369121  -9.31630362  -1.10582868  13.14037707   1.4055311
   5.78193427   4.45801274  -5.51279834  -1.05197954  -1.2863358
  -0.56584246   0.20577262  -2.42301481   2.17968185   2.41277974] accepted
79989  is accepted sample
-17.0414018028 -80.949636453 0.256191665363 0.223035017893 [ -3.3254937   -3.8155529    2.54750816   7.28028296   3.69006729
   1.17906355   1.22488928   4.44946065  -2.34957192   8.48978681
   8.50927227   0.38274861  -0.42619313  -1.42704968  -6.26745487
  12.21839264   6.11748078  16.590635     4.65202685  -4.10666777
   0.14566958  -7.84625981  -2.4304247    6.643787    -8.82931629
  -4.19560138  -5.3688436   -3.34402946  -0.77273361   0.7571272
   0.02452503  -1.26252999   3.16534614  -1.46288871   6.77977741
   0.51555849  -2.40368077  -3.07684444   4.84546654   4.17466146
   6.61540375  -9.30843826  -1.12433844  13.13662858   1.38509592
   5.78682991   4.46723122  -5.48679975  -1.0473736   -1.28950576
  -0.5478824    0.22085114  -2.43416093   2.16043224   2.42391069] accepted
79990  is accepted sample
-17.3475239316 -80.9452210781 0.256438022223 0.226908719962 [ -3.31648426e+00  -3.83154912e+00   2.57814914e+00   7.27286991e+00
   3.70389289e+00   1.15790638e+00   1.26972438e+00   4.48500844e+00
  -2.37859659e+00   8.44353366e+00   8.51372774e+00   3.84349488e-01
  -3.97813156e-01  -1.44959384e+00  -6.28216427e+00   1.22324467e+01
   6.13378998e+00   1.65866308e+01   4.64925681e+00  -4.11430333e+00
   1.67571965e-01  -7.87125975e+00  -2.42740629e+00   6.61774306e+00
  -8.85345131e+00  -4.17086985e+00  -5.37702522e+00  -3.34878497e+00
  -7.43668252e-01   7.58993948e-01  -9.41323509e-03  -1.25471774e+00
   3.17358448e+00  -1.48758666e+00   6.76643023e+00   4.90378591e-01
  -2.40685387e+00  -3.09844335e+00   4.88207223e+00   4.14263963e+00
   6.61348025e+00  -9.32676359e+00  -1.13471921e+00   1.31283981e+01
   1.37834690e+00   5.77825095e+00   4.44238841e+00  -5.48479139e+00
  -1.01095970e+00  -1.31878956e+00  -5.11807048e-01   2.30899692e-01
  -2.42355192e+00   2.16854985e+00   2.41496590e+00] accepted
79991  is accepted sample
-17.5811372742 -80.9441531633 0.256630749004 0.229068776145 [ -3.32776932e+00  -3.85545836e+00   2.57958284e+00   7.28193114e+00
   3.72771611e+00   1.12480369e+00   1.27672347e+00   4.49921200e+00
  -2.37901345e+00   8.46962165e+00   8.50469586e+00   3.80290309e-01
  -4.06863461e-01  -1.43406131e+00  -6.26426335e+00   1.22058657e+01
   6.11872782e+00   1.65823527e+01   4.65859030e+00  -4.10606225e+00
   1.73145667e-01  -7.87721612e+00  -2.40626857e+00   6.63958931e+00
  -8.84954524e+00  -4.18124846e+00  -5.37300830e+00  -3.34868417e+00
  -7.40070940e-01   7.72390255e-01  -1.63640640e-02  -1.25990426e+00
   3.19811421e+00  -1.49115148e+00   6.76319363e+00   4.76642902e-01
  -2.38357934e+00  -3.09970207e+00   4.87861326e+00   4.11206877e+00
   6.61708765e+00  -9.30584197e+00  -1.13187682e+00   1.30995571e+01
   1.34932991e+00   5.74282301e+00   4.45952180e+00  -5.45056927e+00
  -1.01959373e+00  -1.32658150e+00  -5.18073500e-01   2.13999193e-01
  -2.43749853e+00   2.17664404e+00   2.43073624e+00] accepted
79992  is accepted sample
-17.9621835763 -80.9487686987 0.256965734466 0.232108413238 [ -3.31440527  -3.85319422   2.59378293   7.28915095   3.73739105
   1.11504316   1.27574055   4.48447477  -2.36858406   8.44557303
   8.4970957    0.38457896  -0.41511904  -1.46829106  -6.25978857
  12.18678965   6.12573857  16.54727855   4.66403219  -4.05582004
   0.16726825  -7.88487439  -2.43424892   6.63134997  -8.86367972
  -4.19413943  -5.37475413  -3.35347265  -0.73360386   0.77430539
  -0.03917568  -1.29615786   3.21752004  -1.48575277   6.75289835
   0.45765159  -2.36005974  -3.11631465   4.90238876   4.09288484
   6.56447151  -9.27425461  -1.1274833   13.10985344   1.31459327
   5.76527915   4.47525712  -5.44544613  -1.01680263  -1.32921913
  -0.47897307   0.18594325  -2.40948138   2.20459873   2.44396707] accepted
79993  is accepted sample
-18.0816432562 -80.9390747537 0.257029581999 0.232622837027 [ -3.31293869  -3.87093783   2.57578236   7.28486797   3.75200437
   1.11061859   1.27525658   4.50073629  -2.36987793   8.42934895
   8.50498436   0.41016545  -0.42514289  -1.44985248  -6.2512428
  12.19113427   6.13740084  16.55184549   4.6689838   -4.02382287
   0.19912341  -7.89953266  -2.4142383    6.64993401  -8.86607473
  -4.19092597  -5.37988302  -3.38108021  -0.71353671   0.77627637
  -0.03944827  -1.32156617   3.20415278  -1.46550972   6.75772942
   0.45447445  -2.32644194  -3.09675561   4.92983951   4.06101957
   6.55550303  -9.27816825  -1.12499475  13.10638041   1.32507947
   5.74317146   4.48317147  -5.42545028  -1.01023835  -1.33986561
  -0.47852521   0.15088424  -2.3652396    2.21647797   2.48135448] accepted
79994  is accepted sample
-18.8334509078 -80.9443366904 0.257679790165 0.237166262682 [ -3.3195352   -3.87931891   2.58646246   7.26280277   3.73520619
   1.12730518   1.26808877   4.4937689   -2.40256975   8.4256716
   8.47314069   0.41385135  -0.41208889  -1.46701605  -6.28483138
  12.22791841   6.12473478  16.53344815   4.68131993  -3.9887195
   0.19479336  -7.88888278  -2.39963842   6.63903265  -8.8978487
  -4.21613351  -5.38996811  -3.39419234  -0.72038683   0.78675033
  -0.03833221  -1.33512674   3.1905073   -1.49815976   6.76362471
   0.42684388  -2.3206835   -3.06000617   4.94746376   4.08923626
   6.56351371  -9.29952129  -1.16388088  13.06339276   1.32082401
   5.76241263   4.52249786  -5.43753329  -0.98706932  -1.31678449
  -0.48607069   0.1163193   -2.36416064   2.20555494   2.4609564 ] accepted
79995  is accepted sample
-18.542102327 -80.932573825 0.257379608968 0.235199660432 [ -3.32139902e+00  -3.88462791e+00   2.58531390e+00   7.22589976e+00
   3.72918932e+00   1.13747508e+00   1.26298050e+00   4.51243403e+00
  -2.40984935e+00   8.42600112e+00   8.47093529e+00   4.26858254e-01
  -4.04381126e-01  -1.49292585e+00  -6.27543310e+00   1.22208112e+01
   6.10625524e+00   1.65408404e+01   4.66922254e+00  -3.97491562e+00
   2.21010092e-01  -7.85447190e+00  -2.39449465e+00   6.63498649e+00
  -8.85836709e+00  -4.22991307e+00  -5.38972449e+00  -3.40160339e+00
  -7.29564517e-01   7.75030912e-01   1.02417776e-02  -1.34548840e+00
   3.17731120e+00  -1.49772579e+00   6.76188595e+00   4.38711489e-01
  -2.33471735e+00  -3.09619363e+00   4.94483917e+00   4.10428461e+00
   6.54030462e+00  -9.30266097e+00  -1.18497099e+00   1.30897294e+01
   1.29397808e+00   5.79956610e+00   4.52132298e+00  -5.43431908e+00
  -1.00343097e+00  -1.34289008e+00  -4.68015641e-01   1.14003604e-01
  -2.35815544e+00   2.24007536e+00   2.47148525e+00] accepted
79996  is accepted sample
-18.0965916101 -80.9433735505 0.257059750354 0.232860383379 [ -3.32788209e+00  -3.85344806e+00   2.58770266e+00   7.22423008e+00
   3.67428652e+00   1.11635890e+00   1.24347337e+00   4.53016548e+00
  -2.38018330e+00   8.40791931e+00   8.49252345e+00   4.09144888e-01
  -4.18360145e-01  -1.52396582e+00  -6.31060438e+00   1.22196658e+01
   6.10568901e+00   1.65604108e+01   4.66539558e+00  -4.00372026e+00
   1.97976599e-01  -7.88782521e+00  -2.41957020e+00   6.66353698e+00
  -8.84661753e+00  -4.21121611e+00  -5.38854060e+00  -3.38980871e+00
  -7.52209452e-01   7.73761615e-01   1.05803481e-02  -1.37051821e+00
   3.16870918e+00  -1.47740350e+00   6.79788100e+00   4.53010817e-01
  -2.34951493e+00  -3.06502480e+00   4.95266955e+00   4.10410794e+00
   6.56484723e+00  -9.33494571e+00  -1.18483622e+00   1.30484474e+01
   1.26483802e+00   5.81035070e+00   4.50335387e+00  -5.43312838e+00
  -1.03356005e+00  -1.32738868e+00  -4.34893871e-01   1.20216018e-01
  -2.35550559e+00   2.25549659e+00   2.50489884e+00] accepted
79997  is accepted sample
-18.0272551566 -80.9453368284 0.257008965633 0.232458511739 [ -3.33067095e+00  -3.87104646e+00   2.60533107e+00   7.21613122e+00
   3.70439848e+00   1.11905566e+00   1.27711519e+00   4.55731110e+00
  -2.38009885e+00   8.41027633e+00   8.50111185e+00   3.87678361e-01
  -4.39708294e-01  -1.48959663e+00  -6.31223269e+00   1.22231031e+01
   6.10862412e+00   1.66277007e+01   4.63840147e+00  -3.98328840e+00
   2.00762115e-01  -7.90413041e+00  -2.42749301e+00   6.67657474e+00
  -8.85469811e+00  -4.25154382e+00  -5.38679017e+00  -3.40739811e+00
  -7.49755799e-01   7.48566854e-01  -8.14034723e-03  -1.40739198e+00
   3.18333916e+00  -1.48262397e+00   6.80673792e+00   4.55488217e-01
  -2.37819874e+00  -3.07788990e+00   4.93838674e+00   4.10709702e+00
   6.55827383e+00  -9.35951829e+00  -1.14431557e+00   1.30548671e+01
   1.27619025e+00   5.82144927e+00   4.46206452e+00  -5.43677962e+00
  -1.09359410e+00  -1.31946684e+00  -4.47341428e-01   1.04231847e-01
  -2.34535534e+00   2.26332518e+00   2.49370221e+00] accepted
79998  is accepted sample
-18.1702659187 -80.9433813381 0.25712141682 0.233335771126 [ -3.30961315  -3.90986832   2.58225975   7.21210746   3.72329749
   1.08018384   1.28484488   4.59423073  -2.39426338   8.41414337
   8.5048113    0.39521017  -0.42592303  -1.49301548  -6.31138253
  12.21570025   6.14154018  16.65139648   4.65567029  -3.99260647
   0.16746299  -7.87613307  -2.42721451   6.67770575  -8.82369103
  -4.26171768  -5.39692987  -3.38309004  -0.728184     0.74083873
  -0.04237465  -1.41988389   3.19838353  -1.48939892   6.79515428
   0.45008826  -2.38642342  -3.06916398   4.94468617   4.10886921
   6.55969116  -9.34651041  -1.147477    13.03562047   1.27829005
   5.80279826   4.45103878  -5.44040174  -1.10204993  -1.30511749
  -0.44271482   0.10487105  -2.35179228   2.24665263   2.52668601] accepted
70960  num accepted
0.887 % was accepted
sucessfully sampled
0.256502857404 0.000606360293404 0.21828333337 0.00927039188314
No handlers could be found for logger "matplotlib.legend"
leanne@sih-geo-04 ~/Desktop/NeuralNetworksCourse_CTDS-master/week3/python/MCMC_fnn_timeseries $ 

